0 0 0 0 0 0 0 0 0
0 0 0 0 0 0 0 0 0
0 0 0 0 0 0 0 0 0
0 0 0 0 0 0 0 0 0
0 0 0 0 0 0 0 0 0
0 0 0 0 0 0 0 0 0
0 0 0 0 0 0 0 0 0
0 0 0 0 0 0 0 0 0
0 0 0 0 0 0 0 0 0
0 0 0 0 0 0 0 0 0
0 0 0 0 0 0 0 0 0
0 0 0 0 0 0 0 0 0
0 0 0 0 0 0 0 0 0
0 0 0 0 0 0 0 0 0
0 0 0 0 0 0 0 0 0
0.0224487 0.030211 0.0236964 0.00569087 0.00987167 0.041125 0.00292453 0.00772885 -0.0252355
0 0 0 0 0 0 0 0 0
0 0 0 0 0 0 0 0 0
0 0 0 0 0 0 0 0 0
0 0 0 0 0 0 0 0 0
0 0 0 0 0 0 0 0 0
0 0 0 0 0 0 0 0 0
0.0224487 0.030211 0.0236964 0.00569087 0.00987166 0.041125 0.00292453 0.00772885 -0.0252355
0 0 0 0 0 0 0 0 0
0 0 0 0 0 0 0 0 0
0 0 0 0 0 0 0 0 0
0 0 0 0 0 0 0 0 0
0 0 0 0 0 0 0 0 0
0 0 0 0 0 0 0 0 0
0 0 0 0 0 0 0 0 0
0 0 0 0 0 0 0 0 0
0.0224487 0.0162413 0.0262695 0.0235234 0.0219545 0.0245319 0.00935733 0.0354302 0.00837664
0 0 0 0 0 0 0 0 0
0 0 0 0 0 0 0 0 0
0 0 0 0 0 0 0 0 0
0 0 0 0 0 0 0 0 0
0 0 0 0 0 0 0 0 0
0.0224487 0.030211 0.0236964 0.00569086 0.00987167 0.0411251 0.00292453 0.00772885 -0.0252355
0.0224487 0.0162413 0.0262695 0.0235234 0.0219545 0.0245319 0.00935733 0.0354302 0.00837664
0.0224487 0.0199982 0.0323086 0.00775577 0.00890342 0.0371247 0.0269242 0.0143356 -0.00962235
0 0 0 0 0 0 0 0 0
0 0 0 0 0 0 0 0 0
0 0 0 0 0 0 0 0 0
0 0 0 0 0 0 0 0 0
0.0224487 0.030211 0.0236964 0.00569087 0.00987167 0.041125 0.00292453 0.00772885 -0.0252355
0 0 0 0 0 0 0 0 0
0.0224487 0.0199982 0.0323086 0.00775577 0.00890342 0.0371247 0.0269242 0.0143356 -0.00962235
0 0 0 0 0 0 0 0 0
0 0 0 0 0 0 0 0 0
0 0 0 0 0 0 0 0 0
0 0 0 0 0 0 0 0 0
0 0 0 0 0 0 0 0 0
0 0 0 0 0 0 0 0 0
0.0224487 0.0162413 0.0262695 0.0235234 0.0219545 0.0245319 0.00935733 0.0354303 0.00837664
0 0 0 0 0 0 0 0 0
0 0 0 0 0 0 0 0 0
0 0 0 0 0 0 0 0 0
0 0 0 0 0 0 0 0 0
0 0 0 0 0 0 0 0 0
0 0 0 0 0 0 0 0 0
0.0224487 0.0162413 0.0262695 0.0235234 0.0219545 0.0245319 0.00935733 0.0354302 0.00837664
0.0224487 0.0199982 0.0323086 0.00775577 0.00890342 0.0371247 0.0269242 0.0143356 -0.00962235
0 0 0 0 0 0 0 0 0
0 0 0 0 0 0 0 0 0
0 0 0 0 0 0 0 0 0
0 0 0 0 0 0 0 0 0
0 0 0 0 0 0 0 0 0
0 0 0 0 0 0 0 0 0
0.0224487 0.0199982 0.0323086 0.00775577 0.00890342 0.0371247 0.0269242 0.0143356 -0.00962235
0 0 0 0 0 0 0 0 0
0 0 0 0 0 0 0 0 0
0 0 0 0 0 0 0 0 0
0 0 0 0 0 0 0 0 0
0 0 0 0 0 0 0 0 0
0 0 0 0 0 0 0 0 0
0 0 0 0 0 0 0 0 0
0 0 0 0 0 0 0 0 0
0 0 0 0 0 0 0 0 0
0 0 0 0 0 0 0 0 0
0.0224487 0.0310136 0.00837414 0.0217828 0.0387896 0.0149196 -0.0214699 0.0104536 -0.0139863
0 0 0 0 0 0 0 0 0
0 0 0 0 0 0 0 0 0
0 0 0 0 0 0 0 0 0
0.0224487 0.030211 0.0236964 0.00569087 0.00987166 0.041125 0.00292453 0.00772885 -0.0252355
0 0 0 0 0 0 0 0 0
0 0 0 0 0 0 0 0 0
0.0224487 0.0310136 0.00837414 0.0217827 0.0387896 0.0149196 -0.0214699 0.0104536 -0.0139863
0.0224487 0.036826 0.00993571 0.00692918 0.0146287 0.0209909 -0.020001 0.00393619 -0.0374862
0 0 0 0 0 0 0 0 0
0 0 0 0 0 0 0 0 0
0.0224487 0.030211 0.0236965 0.00569087 0.00987167 0.041125 0.00292453 0.00772885 -0.0252355
0 0 0 0 0 0 0 0 0
0 0 0 0 0 0 0 0 0
0 0 0 0 0 0 0 0 0
0.0224487 0.036826 0.00993572 0.00692918 0.0146287 0.0209909 -0.020001 0.00393619 -0.0374862
0 0 0 0 0 0 0 0 0
0 0 0 0 0 0 0 0 0
0 0 0 0 0 0 0 0 0
0 0 0 0 0 0 0 0 0
0.0224487 0.0162413 0.0262695 0.0235234 0.0219545 0.0245319 0.00935733 0.0354302 0.00837664
0 0 0 0 0 0 0 0 0
0.0224487 0.0310136 0.00837413 0.0217827 0.0387896 0.0149196 -0.0214699 0.0104536 -0.0139863
0 0 0 0 0 0 0 0 0
0.0224487 0.0210342 0.0116949 0.0304069 0.0367267 0.0141385 -0.0180302 0.0203423 0.0138625
0 0 0 0 0 0 0 0 0
0.0224487 0.030211 0.0236964 0.00569086 0.00987167 0.0411251 0.00292453 0.00772885 -0.0252355
0.0224487 0.0162413 0.0262695 0.0235234 0.0219545 0.0245319 0.00935733 0.0354303 0.00837664
0.0224487 0.0199982 0.0323086 0.00775576 0.00890342 0.0371247 0.0269241 0.0143356 -0.00962234
0.0224487 0.0310136 0.00837414 0.0217827 0.0387896 0.0149196 -0.0214699 0.0104535 -0.0139863
0.0224487 0.036826 0.00993572 0.00692918 0.0146287 0.0209909 -0.020001 0.00393619 -0.0374862
0.0224487 0.0210342 0.0116949 0.0304068 0.0367267 0.0141386 -0.0180303 0.0203423 0.0138625
0.0224487 0.0319676 0.0176863 0.0123151 0.0224563 0.0323254 -0.00908802 0.0123197 -0.0247175
0.0224487 0.030211 0.0236964 0.00569087 0.00987166 0.041125 0.00292453 0.00772885 -0.0252355
0 0 0 0 0 0 0 0 0
0.0224487 0.0199982 0.0323086 0.00775577 0.00890342 0.0371247 0.0269242 0.0143356 -0.00962235
0 0 0 0 0 0 0 0 0
0.0224487 0.036826 0.00993572 0.00692918 0.0146287 0.0209909 -0.020001 0.0039362 -0.0374862
0 0 0 0 0 0 0 0 0
0.0224487 0.0319676 0.0176863 0.0123152 0.0224563 0.0323255 -0.00908801 0.0123197 -0.0247175
0 0 0 0 0 0 0 0 0
0 0 0 0 0 0 0 0 0
0.0224487 0.0162413 0.0262695 0.0235234 0.0219545 0.0245319 0.00935733 0.0354303 0.00837664
0 0 0 0 0 0 0 0 0
0 0 0 0 0 0 0 0 0
0 0 0 0 0 0 0 0 0
0.0224487 0.0210342 0.0116949 0.0304069 0.0367267 0.0141385 -0.0180303 0.0203423 0.0138625
0 0 0 0 0 0 0 0 0
0 0 0 0 0 0 0 0 0
0.0224487 0.0162413 0.0262695 0.0235234 0.0219545 0.0245319 0.00935732 0.0354302 0.00837664
0.0224487 0.0199982 0.0323086 0.00775577 0.00890342 0.0371247 0.0269242 0.0143356 -0.00962235
0 0 0 0 0 0 0 0 0
0 0 0 0 0 0 0 0 0
0.0224487 0.0210342 0.0116949 0.0304068 0.0367267 0.0141385 -0.0180302 0.0203423 0.0138625
0.0224487 0.0319677 0.0176863 0.0123151 0.0224563 0.0323254 -0.00908801 0.0123197 -0.0247174
0 0 0 0 0 0 0 0 0
0 0 0 0 0 0 0 0 0
0.0224487 0.0199982 0.0323086 0.00775577 0.00890342 0.0371247 0.0269242 0.0143356 -0.00962235
0 0 0 0 0 0 0 0 0
0 0 0 0 0 0 0 0 0
0 0 0 0 0 0 0 0 0
0.0224487 0.0319676 0.0176863 0.0123152 0.0224563 0.0323255 -0.00908801 0.0123197 -0.0247175
0 0 0 0 0 0 0 0 0
0 0 0 0 0 0 0 0 0
0 0 0 0 0 0 0 0 0
0 0 0 0 0 0 0 0 0
0 0 0 0 0 0 0 0 0
0 0 0 0 0 0 0 0 0
0.0224487 0.0310137 0.00837414 0.0217827 0.0387896 0.0149196 -0.0214699 0.0104536 -0.0139863
0 0 0 0 0 0 0 0 0
0 0 0 0 0 0 0 0 0
0 0 0 0 0 0 0 0 0
0.0224487 0.0311453 -0.00760722 0.0218747 0.0391179 -0.0136105 -0.0220773 -0.00953594 -0.0141064
0 0 0 0 0 0 0 0 0
0 0 0 0 0 0 0 0 0
0.0224487 0.0310136 0.00837414 0.0217827 0.0387896 0.0149196 -0.0214699 0.0104536 -0.0139863
0.0224487 0.036826 0.00993572 0.00692918 0.0146287 0.0209909 -0.020001 0.0039362 -0.0374862
0 0 0 0 0 0 0 0 0
0 0 0 0 0 0 0 0 0
0.0224487 0.0311453 -0.00760722 0.0218748 0.0391179 -0.0136105 -0.0220773 -0.00953594 -0.0141064
0.0224487 0.037046 -0.0090412 0.00697028 0.0148024 -0.0192141 -0.02084 -0.00360271 -0.0379347
0 0 0 0 0 0 0 0 0
0 0 0 0 0 0 0 0 0
0.0224487 0.036826 0.00993572 0.00692918 0.0146287 0.0209909 -0.020001 0.0039362 -0.0374862
0 0 0 0 0 0 0 0 0
0 0 0 0 0 0 0 0 0
0 0 0 0 0 0 0 0 0
0.0224487 0.037046 -0.00904119 0.00697028 0.0148024 -0.019214 -0.02084 -0.00360271 -0.0379347
0 0 0 0 0 0 0 0 0
0 0 0 0 0 0 0 0 0
0.0224487 0.0310136 0.00837414 0.0217828 0.0387896 0.0149196 -0.0214699 0.0104535 -0.0139863
0 0 0 0 0 0 0 0 0
0.0224487 0.0210342 0.0116949 0.0304069 0.0367267 0.0141385 -0.0180302 0.0203423 0.0138625
0 0 0 0 0 0 0 0 0
0.0224487 0.0311453 -0.00760722 0.0218747 0.0391179 -0.0136105 -0.0220773 -0.00953593 -0.0141064
0 0 0 0 0 0 0 0 0
0.0224487 0.0212103 -0.010667 0.0306589 0.0373399 -0.0130035 -0.0191656 -0.0187064 0.0140876
0.0224487 0.036826 0.00993571 0.00692918 0.0146287 0.0209909 -0.020001 0.0039362 -0.0374862
0 0 0 0 0 0 0 0 0
0.0224487 0.0319676 0.0176863 0.0123151 0.0224563 0.0323254 -0.00908802 0.0123197 -0.0247175
0 0 0 0 0 0 0 0 0
0.0224487 0.037046 -0.0090412 0.00697029 0.0148024 -0.0192141 -0.02084 -0.00360271 -0.0379347
0 0 0 0 0 0 0 0 0
0.0224487 0.0325856 -0.0163027 0.0125479 0.0233105 -0.0303581 -0.0113813 -0.0115606 -0.0256868
0 0 0 0 0 0 0 0 0
0 0 0 0 0 0 0 0 0
0.0224487 0.0210342 0.0116949 0.0304069 0.0367267 0.0141385 -0.0180303 0.0203423 0.0138625
0 0 0 0 0 0 0 0 0
0 0 0 0 0 0 0 0 0
0 0 0 0 0 0 0 0 0
0.0224487 0.0212103 -0.010667 0.0306589 0.0373399 -0.0130035 -0.0191656 -0.0187064 0.0140876
0 0 0 0 0 0 0 0 0
0 0 0 0 0 0 0 0 0
0.0224487 0.0210342 0.0116949 0.0304069 0.0367267 0.0141385 -0.0180303 0.0203423 0.0138625
0.0224487 0.0319676 0.0176863 0.0123151 0.0224563 0.0323254 -0.00908802 0.0123197 -0.0247175
0 0 0 0 0 0 0 0 0
0 0 0 0 0 0 0 0 0
0.0224487 0.0212103 -0.010667 0.030659 0.0373399 -0.0130035 -0.0191656 -0.0187064 0.0140876
0.0224487 0.0325856 -0.0163027 0.0125479 0.0233105 -0.0303582 -0.0113813 -0.0115607 -0.0256868
0 0 0 0 0 0 0 0 0
0 0 0 0 0 0 0 0 0
0.0224487 0.0319676 0.0176863 0.0123151 0.0224563 0.0323254 -0.00908801 0.0123197 -0.0247175
0 0 0 0 0 0 0 0 0
0 0 0 0 0 0 0 0 0
0 0 0 0 0 0 0 0 0
0.0224487 0.0325856 -0.0163027 0.012548 0.0233105 -0.0303582 -0.0113813 -0.0115607 -0.0256868
0 0 0 0 0 0 0 0 0
0 0 0 0 0 0 0 0 0
0 0 0 0 0 0 0 0 0
