18
15
17
14
19
12
15
14
11
25
15
24
13
14
14
15
14
14
13
21
13
11
19
13
20
16
15
14
13
10
2
12
19
15
18
11
16
13
13
13
21
13
15
14
13
12
16
20
19
15
8
20
9
14
18
15
16
15
12
15
17
16
6
19
15
13
14
15
14
14
10
15
13
16
15
16
20
19
15
12
15
16
19
15
14
13
17
11
14
11
14
13
19
11
13
10
12
9
15
19
16
14
13
13
21
14
17
16
18
19
17
11
16
14
13
14
22
14
20
18
12
13
17
10
11
12
14
16
3
16
14
10
14
14
14
13
14
14
16
16
13
16
13
12
22
15
15
13
17
12
9
14
14
13
12
6
14
16
13
16
15
18
8
20
21
13
13
15
14
14
22
10
13
16
14
10
19
14
14
14
14
14
13
20
14
19
18
13
9
14
5
20
16
8
12
25
14
14
14
15
